function data()
return {
	boundingInfo = {
		bbMax = {
			120, 9, 0, 
		},
		bbMin = {
			0, -9, -6, 
		},
		
	},
	collider = {
		params = {
			
		},
		type = "BOX",	
	},
	lods = {
		{
			animations = {
				
			},
			children = {
				{
					id = "station/tram/high level/Rampe.msh",
					transf = {
						1, 0, 0, 0, 0, 0, 1, 0, 0, -1, 0, 0, 0, 0, 0, 1, 
					},
					type = "MESH",					
				}, {
					id = "station/tram/high level/Gleis 40m.msh",
					transf = {
						0.998, 0, -0.060, 0, 0.060, 0, 0.998, 0, 0, -1, 0, 0, 0, 0, 0, 1, 
					},
					type = "MESH",					
				}, {
					id = "station/tram/high level/Gleis 40m.msh",
					transf = {
						0.998, 0, -0.060, 0, 0.060, 0, 0.998, 0, 0, -1, 0, 0, 20, 0, -1.2, 1, 
					},
					type = "MESH",					
				}, {
					id = "station/tram/high level/Gleis 40m.msh",
					transf = {
						0.998, 0, -0.060, 0, 0.060, 0, 0.998, 0, 0, -1, 0, 0, 40, 0, -2.4, 1, 
					},
					type = "MESH",					
				}, {
					id = "station/tram/high level/Gleis 40m.msh",
					transf = {
						0.998, 0, -0.060, 0, 0.060, 0, 0.998, 0, 0, -1, 0, 0, 60, 0, -3.6, 1, 
					},
					type = "MESH",					
				}, {
					id = "station/tram/high level/Gleis 40m.msh",
					transf = {
						1, 0, 0, 0, 0, 0, 1, 0, 0, -1, 0, 0, 80, 0, -6, 1,
					},
					type = "MESH",					
				}, {
					id = "station/tram/high level/Gleis 40m.msh",
					transf = {
						0.998, 0, -0.060, 0, 0.060, 0, 0.998, 0, -0, 1, 0, 0, 0, 0, 0, 1, 
					},
					type = "MESH",					
				}, {
					id = "station/tram/high level/Gleis 40m.msh",
					transf = {
						0.998, 0, -0.060, 0, 0.060, 0, 0.998, 0, -0, 1, 0, 0, 20, 0, -1.2, 1, 
					},
					type = "MESH",					
				}, {
					id = "station/tram/high level/Gleis 40m.msh",
					transf = {
						0.998, 0, -0.060, 0, 0.060, 0, 0.998, 0, -0, 1, 0, 0, 40, 0, -2.4, 1, 
					},
					type = "MESH",					
				}, {
					id = "station/tram/high level/Gleis 40m.msh",
					transf = {
						0.998, 0, -0.060, 0, 0.060, 0, 0.998, 0, -0, 1, 0, 0, 60, 0, -3.6, 1, 
					},
					type = "MESH",					
				}, {
					id = "station/tram/high level/Gleis 40m.msh",
					transf = {
						1, 0, 0, 0, 0, 0, 1, 0, 0, 1, 0, 0, 80, 0, -6, 1,
					},
					type = "MESH",					
				},
				
			},
			events = {
				
			},
			matConfigs = {
				{
					0, 
				}, 
			},
			static = false,
			visibleFrom = 0,
			visibleTo = 10000,
		},  
	},
	metadata = {
		transportNetworkProvider = {
			laneLists = {
				{
					transportModes = { "TRAM", "ELECTRIC_TRAM" },
					speedLimit = 80,
					nodes = {
						-- lane1
						{ { 0, -2.5, 0 },  { 100, 0, 0 },   3.0},
						{ { 100,- 2.5, -6 },  { 100, 0, 0 },   3.0 },
						
						{ { 100, -2.5, -6 },  { 20, 0, 0 },   3.0 },
						{ { 120, -2.5, -6 },  { 20, 0, 0 },   3.0},
						
						{ { 120, 2.5, -6 },  { -20, 0, 0 },   3.0},
						{ { 100, 2.5, -6 },  { -20, 0, 0 },   3.0 },
						
						{ { 100, 2.5, -6 },  { -100, 0, 0 },   3.0 },
						{ { 0, 2.5, 0 },  { -100, 0, 0 },   3.0},
					}
				}, {
					transportModes = { "PERSON" },
					nodes = {
						-- ped1
						{ { 0.0, -7, 0.3 },  { 1, 0, .0 },   2.0 },
						{ { 110.0, -7, 0.3 },  { 1, 0, .0 },   2.0 },
						
						{ { 110.0, -7, 0.3 },  { 1, 0, .0 },   2.0 },
						{ { 120.0, -7, -5.7 },  { 1, 0, .0 },   2.0 },
						
						{ { 0.0, 7, 0.3 },  { 1, 0, .0 },   2.0 },
						{ { 110.0, 7, 0.3 },  { 1, 0, .0 },   2.0 },
						
						{ { 110.0, 7, 0.3 },  { 1, 0, .0 },   2.0 },
						{ { 120.0, 7, -5.7 },  { 1, 0, .0 },   2.0 },

						{ { 110.0, -7, 0.3 },  { 0, 1, .0 },   2.0 },
						{ { 110.0, 0, 0.3 },  { 0, 1, .0 },   2.0 },

						{ { 110.0, 7, 0.3 },  { 0, 1, .0 },   2.0 },
						{ { 110.0, 0, 0.3 },  { 0, 1, .0 },   2.0 },

						{ { 110.0, 0, 0.3 },  { 1, 0, .0 },   18.0 },
						{ { 122.0, 0, 0.3 },  { 1, 0, .0 },   18.0 },
					}
				}
			},
		},
	},
	
}
end
